22
500
1 139
2 98
3 87
4 88
5 146
6 153
7 30
8 155
9 120
10 90
11 159
12 164
13 181
14 105
15 47
16 101
17 27
18 22
19 87
20 88
21 31
22 23
23 104
24 175
25 165
26 119
27 91
28 156
29 108
30 80
31 181
32 145
33 16
34 45
35 32
36 170
37 77
38 174
39 161
40 176
41 157
42 184
43 132
44 170
45 23
46 100
47 166
48 149
49 63
50 180
51 166
52 173
53 74
54 147
55 64
56 160
57 134
58 83
59 16
60 16
61 42
62 61
63 142
64 93
65 172
66 108
67 23
68 35
69 177
70 166
71 70
72 17
73 31
74 100
75 154
76 176
77 94
78 124
79 93
80 37
81 148
82 122
83 26
84 147
85 83
86 140
87 136
88 156
89 61
90 107
91 154
92 50
93 64
94 148
95 180
96 173
97 188
98 188
99 52
100 40
101 116
102 141
103 183
104 57
105 141
106 145
107 11
108 99
109 63
110 80
111 60
112 79
113 87
114 158
115 111
116 119
117 158
118 106
119 91
120 19
121 139
122 151
123 175
124 30
125 80
126 118
127 85
128 54
129 63
130 93
131 153
132 183
133 148
134 15
135 47
136 26
137 132
138 125
139 80
140 29
141 84
142 65
143 112
144 124
145 124
146 113
147 84
148 151
149 107
150 74
151 178
152 111
153 143
154 119
155 89
156 128
157 179
158 50
159 113
160 115
161 102
162 123
163 40
164 82
165 148
166 45
167 15
168 113
169 147
170 74
171 28
172 100
173 62
174 110
175 124
176 51
177 22
178 75
179 122
180 97
181 162
182 135
183 46
184 82
185 62
186 35
187 73
188 76
189 158
190 105
191 46
192 53
193 76
194 14
195 134
196 132
197 135
198 35
199 49
200 29
201 99
202 85
203 173
204 175
205 114
206 95
207 152
208 173
209 25
210 60
211 85
212 32
213 136
214 62
215 32
216 49
217 180
218 79
219 135
220 62
221 159
222 82
223 82
224 124
225 50
226 42
227 167
228 141
229 43
230 59
231 47
232 39
233 91
234 150
235 149
236 54
237 34
238 121
239 101
240 21
241 118
242 111
243 37
244 24
245 19
246 10
247 163
248 167
249 160
250 166
251 43
252 15
253 75
254 149
255 168
256 48
257 63
258 22
259 135
260 53
261 131
262 120
263 61
264 103
265 16
266 145
267 185
268 97
269 55
270 151
271 105
272 141
273 133
274 82
275 166
276 146
277 184
278 75
279 80
280 121
281 143
282 62
283 156
284 77
285 179
286 71
287 37
288 124
289 68
290 108
291 177
292 24
293 63
294 47
295 133
296 85
297 97
298 150
299 153
300 148
301 66
302 37
303 134
304 11
305 85
306 111
307 167
308 16
309 119
310 42
311 58
312 103
313 88
314 33
315 75
316 90
317 129
318 164
319 131
320 128
321 168
322 127
323 55
324 163
325 43
326 118
327 117
328 80
329 115
330 137
331 32
332 83
333 165
334 156
335 148
336 183
337 182
338 116
339 169
340 116
341 185
342 10
343 121
344 189
345 51
346 88
347 148
348 137
349 143
350 142
351 72
352 142
353 44
354 174
355 11
356 13
357 99
358 13
359 176
360 60
361 45
362 62
363 39
364 183
365 126
366 184
367 17
368 59
369 178
370 23
371 168
372 132
373 28
374 36
375 157
376 42
377 25
378 60
379 147
380 119
381 147
382 23
383 91
384 60
385 56
386 138
387 189
388 17
389 138
390 51
391 143
392 51
393 152
394 28
395 55
396 143
397 107
398 104
399 131
400 81
401 170
402 153
403 24
404 50
405 126
406 111
407 150
408 134
409 162
410 151
411 11
412 138
413 123
414 51
415 133
416 183
417 34
418 39
419 71
420 25
421 186
422 188
423 180
424 107
425 48
426 189
427 101
428 63
429 178
430 104
431 37
432 165
433 37
434 83
435 156
436 29
437 29
438 75
439 29
440 27
441 185
442 42
443 26
444 171
445 25
446 33
447 57
448 106
449 141
450 146
451 183
452 57
453 106
454 20
455 117
456 136
457 112
458 35
459 28
460 139
461 10
462 28
463 36
464 128
465 100
466 171
467 177
468 142
469 23
470 61
471 145
472 35
473 131
474 97
475 22
476 187
477 143
478 37
479 95
480 130
481 27
482 57
483 38
484 143
485 122
486 104
487 186
488 108
489 32
490 88
491 55
492 59
493 22
494 85
495 110
496 54
497 22
498 158
499 127
500 55
