10
100
1 87
2 92
3 83
4 188
5 18
6 94
7 80
8 55
9 123
10 46
11 72
12 189
13 128
14 162
15 61
16 40
17 55
18 63
19 118
20 144
21 117
22 119
23 68
24 107
25 90
26 54
27 137
28 29
29 157
30 46
31 48
32 138
33 189
34 41
35 56
36 18
37 38
38 86
39 25
40 108
41 141
42 23
43 16
44 158
45 142
46 141
47 48
48 120
49 72
50 89
51 173
52 115
53 148
54 180
55 10
56 174
57 28
58 78
59 144
60 93
61 51
62 113
63 77
64 179
65 137
66 181
67 27
68 150
69 45
70 76
71 96
72 117
73 11
74 52
75 124
76 186
77 72
78 88
79 11
80 73
81 21
82 97
83 77
84 114
85 68
86 153
87 180
88 23
89 47
90 78
91 12
92 18
93 111
94 37
95 143
96 159
97 160
98 126
99 156
100 105
