22
500
1 47
2 93
3 87
4 47
5 43
6 154
7 101
8 47
9 181
10 110
11 116
12 44
13 15
14 114
15 126
16 81
17 187
18 124
19 147
20 77
21 133
22 128
23 18
24 48
25 141
26 29
27 33
28 123
29 62
30 112
31 29
32 129
33 134
34 24
35 129
36 188
37 110
38 157
39 111
40 41
41 26
42 68
43 113
44 88
45 179
46 99
47 67
48 184
49 85
50 118
51 115
52 19
53 127
54 189
55 21
56 185
57 109
58 188
59 124
60 144
61 141
62 22
63 178
64 181
65 51
66 62
67 124
68 149
69 68
70 114
71 171
72 167
73 98
74 150
75 64
76 114
77 41
78 111
79 62
80 90
81 22
82 125
83 17
84 181
85 149
86 58
87 55
88 16
89 62
90 14
91 67
92 128
93 12
94 165
95 136
96 67
97 73
98 43
99 55
100 32
101 67
102 128
103 153
104 92
105 81
106 35
107 84
108 38
109 182
110 61
111 31
112 58
113 26
114 69
115 114
116 189
117 34
118 118
119 85
120 181
121 47
122 61
123 54
124 153
125 136
126 83
127 153
128 77
129 41
130 87
131 75
132 172
133 112
134 187
135 83
136 121
137 62
138 85
139 38
140 184
141 31
142 18
143 83
144 114
145 11
146 178
147 11
148 125
149 52
150 17
151 169
152 52
153 109
154 58
155 28
156 98
157 154
158 167
159 128
160 149
161 59
162 26
163 160
164 185
165 63
166 31
167 67
168 54
169 17
170 159
171 22
172 140
173 170
174 145
175 81
176 67
177 122
178 19
179 25
180 24
181 74
182 76
183 165
184 44
185 63
186 129
187 155
188 127
189 124
190 167
191 78
192 47
193 54
194 60
195 158
196 63
197 20
198 29
199 80
200 163
201 27
202 88
203 55
204 171
205 56
206 162
207 157
208 124
209 146
210 70
211 67
212 183
213 140
214 138
215 41
216 109
217 86
218 30
219 77
220 148
221 168
222 39
223 93
224 145
225 163
226 149
227 65
228 154
229 184
230 137
231 39
232 11
233 44
234 18
235 187
236 168
237 38
238 138
239 99
240 22
241 121
242 34
243 88
244 120
245 65
246 12
247 119
248 145
249 97
250 77
251 118
252 41
253 92
254 171
255 20
256 109
257 33
258 96
259 120
260 35
261 73
262 150
263 95
264 166
265 139
266 99
267 60
268 102
269 146
270 177
271 40
272 101
273 35
274 182
275 99
276 88
277 87
278 177
279 117
280 158
281 33
282 182
283 80
284 178
285 17
286 80
287 63
288 183
289 56
290 63
291 56
292 40
293 172
294 100
295 28
296 138
297 149
298 185
299 55
300 27
301 182
302 29
303 67
304 45
305 21
306 140
307 153
308 88
309 133
310 45
311 130
312 85
313 118
314 49
315 17
316 164
317 64
318 66
319 75
320 116
321 49
322 48
323 93
324 75
325 162
326 63
327 70
328 21
329 129
330 138
331 12
332 131
333 120
334 96
335 140
336 81
337 106
338 126
339 114
340 115
341 111
342 117
343 87
344 13
345 151
346 70
347 58
348 30
349 184
350 176
351 79
352 64
353 124
354 188
355 183
356 179
357 89
358 136
359 185
360 44
361 160
362 167
363 146
364 36
365 38
366 162
367 111
368 102
369 35
370 153
371 85
372 45
373 185
374 144
375 146
376 127
377 132
378 140
379 123
380 32
381 140
382 126
383 139
384 15
385 164
386 23
387 109
388 12
389 79
390 35
391 62
392 150
393 33
394 104
395 86
396 59
397 179
398 86
399 149
400 111
401 12
402 89
403 144
404 66
405 187
406 59
407 25
408 111
409 30
410 29
411 16
412 78
413 18
414 28
415 19
416 80
417 182
418 21
419 145
420 130
421 154
422 167
423 152
424 16
425 117
426 41
427 104
428 37
429 50
430 136
431 137
432 13
433 12
434 174
435 189
436 70
437 49
438 97
439 120
440 96
441 189
442 127
443 140
444 176
445 52
446 39
447 64
448 88
449 121
450 114
451 93
452 145
453 168
454 96
455 12
456 118
457 67
458 150
459 132
460 165
461 29
462 85
463 72
464 80
465 51
466 28
467 73
468 82
469 143
470 62
471 61
472 19
473 136
474 31
475 117
476 66
477 172
478 151
479 41
480 163
481 62
482 106
483 125
484 86
485 127
486 123
487 101
488 39
489 60
490 130
491 178
492 99
493 66
494 108
495 20
496 139
497 51
498 147
499 79
500 140
