15
250
1 38
2 150
3 164
4 61
5 45
6 167
7 186
8 101
9 133
10 169
11 47
12 33
13 118
14 87
15 51
16 168
17 69
18 82
19 128
20 41
21 25
22 168
23 156
24 128
25 12
26 19
27 139
28 112
29 70
30 85
31 11
32 156
33 72
34 174
35 173
36 51
37 99
38 120
39 145
40 41
41 96
42 59
43 30
44 95
45 60
46 66
47 156
48 102
49 149
50 152
51 35
52 121
53 140
54 92
55 13
56 182
57 29
58 93
59 189
60 40
61 169
62 26
63 111
64 178
65 151
66 67
67 128
68 91
69 47
70 96
71 154
72 65
73 65
74 70
75 100
76 172
77 185
78 149
79 156
80 86
81 152
82 130
83 39
84 173
85 121
86 62
87 127
88 41
89 63
90 11
91 32
92 152
93 16
94 25
95 28
96 159
97 151
98 34
99 189
100 36
101 116
102 108
103 117
104 165
105 128
106 64
107 154
108 184
109 112
110 13
111 40
112 98
113 109
114 170
115 114
116 80
117 154
118 30
119 169
120 163
121 180
122 173
123 181
124 116
125 68
126 83
127 135
128 67
129 100
130 41
131 88
132 34
133 142
134 112
135 103
136 109
137 16
138 104
139 50
140 78
141 41
142 130
143 111
144 143
145 46
146 154
147 78
148 167
149 122
150 83
151 20
152 62
153 77
154 144
155 14
156 132
157 131
158 188
159 64
160 166
161 101
162 42
163 173
164 178
165 69
166 92
167 87
168 177
169 134
170 54
171 53
172 114
173 100
174 40
175 82
176 61
177 189
178 172
179 50
180 189
181 186
182 185
183 127
184 183
185 149
186 158
187 144
188 141
189 151
190 103
191 98
192 72
193 183
194 12
195 68
196 75
197 22
198 179
199 170
200 21
201 10
202 22
203 108
204 21
205 69
206 82
207 112
208 68
209 63
210 174
211 42
212 166
213 25
214 170
215 103
216 127
217 70
218 125
219 184
220 63
221 123
222 149
223 53
224 89
225 90
226 51
227 66
228 90
229 51
230 81
231 40
232 16
233 80
234 129
235 141
236 74
237 41
238 77
239 138
240 187
241 76
242 91
243 117
244 23
245 35
246 44
247 51
248 84
249 110
250 164
