22
500
1 58
2 79
3 97
4 63
5 109
6 13
7 92
8 18
9 109
10 142
11 23
12 168
13 171
14 188
15 139
16 88
17 181
18 102
19 41
20 182
21 70
22 132
23 130
24 19
25 24
26 61
27 169
28 76
29 31
30 22
31 110
32 20
33 108
34 108
35 35
36 29
37 81
38 165
39 94
40 176
41 32
42 79
43 126
44 98
45 103
46 38
47 99
48 177
49 107
50 125
51 93
52 83
53 42
54 177
55 93
56 189
57 111
58 98
59 82
60 87
61 88
62 151
63 99
64 40
65 154
66 161
67 162
68 42
69 26
70 167
71 134
72 88
73 105
74 13
75 94
76 36
77 158
78 139
79 165
80 80
81 35
82 142
83 83
84 140
85 29
86 15
87 30
88 123
89 26
90 147
91 171
92 64
93 170
94 122
95 135
96 16
97 114
98 179
99 53
100 137
101 84
102 137
103 70
104 21
105 87
106 17
107 96
108 157
109 52
110 105
111 153
112 114
113 139
114 141
115 180
116 111
117 56
118 113
119 142
120 136
121 129
122 15
123 178
124 151
125 40
126 119
127 112
128 152
129 175
130 185
131 20
132 167
133 140
134 145
135 107
136 179
137 88
138 178
139 35
140 170
141 164
142 178
143 83
144 69
145 10
146 27
147 30
148 22
149 22
150 61
151 53
152 145
153 88
154 18
155 101
156 151
157 71
158 74
159 180
160 56
161 25
162 55
163 183
164 108
165 53
166 45
167 108
168 131
169 135
170 121
171 91
172 91
173 46
174 176
175 102
176 55
177 56
178 107
179 111
180 17
181 120
182 161
183 66
184 144
185 84
186 33
187 55
188 145
189 94
190 158
191 160
192 12
193 152
194 150
195 103
196 108
197 149
198 159
199 115
200 83
201 71
202 113
203 32
204 147
205 147
206 85
207 140
208 19
209 157
210 66
211 127
212 178
213 157
214 166
215 83
216 143
217 51
218 64
219 33
220 140
221 126
222 61
223 139
224 65
225 128
226 37
227 75
228 134
229 53
230 96
231 70
232 93
233 46
234 147
235 155
236 127
237 115
238 158
239 167
240 117
241 157
242 23
243 20
244 75
245 186
246 180
247 74
248 20
249 146
250 21
251 162
252 30
253 54
254 126
255 35
256 85
257 172
258 89
259 179
260 59
261 35
262 173
263 154
264 12
265 139
266 138
267 103
268 43
269 89
270 123
271 88
272 25
273 184
274 170
275 92
276 104
277 174
278 115
279 40
280 25
281 141
282 146
283 26
284 33
285 23
286 104
287 106
288 150
289 62
290 117
291 144
292 186
293 147
294 92
295 75
296 24
297 142
298 54
299 48
300 162
301 41
302 120
303 110
304 43
305 85
306 160
307 30
308 11
309 182
310 83
311 185
312 65
313 45
314 47
315 85
316 41
317 136
318 96
319 97
320 19
321 61
322 133
323 101
324 84
325 120
326 178
327 45
328 137
329 23
330 188
331 170
332 121
333 169
334 88
335 179
336 144
337 22
338 132
339 99
340 134
341 169
342 64
343 144
344 152
345 40
346 27
347 48
348 39
349 62
350 111
351 132
352 136
353 37
354 26
355 98
356 153
357 179
358 94
359 67
360 87
361 82
362 119
363 58
364 123
365 82
366 189
367 45
368 15
369 107
370 155
371 66
372 85
373 136
374 42
375 122
376 159
377 24
378 54
379 186
380 39
381 145
382 11
383 127
384 33
385 46
386 104
387 43
388 25
389 187
390 174
391 118
392 54
393 39
394 35
395 47
396 46
397 55
398 186
399 65
400 47
401 166
402 168
403 131
404 173
405 15
406 189
407 56
408 48
409 87
410 17
411 51
412 93
413 120
414 165
415 41
416 31
417 96
418 113
419 45
420 115
421 177
422 177
423 154
424 139
425 78
426 153
427 102
428 59
429 85
430 18
431 43
432 174
433 148
434 43
435 102
436 146
437 77
438 184
439 39
440 149
441 159
442 163
443 147
444 176
445 171
446 41
447 27
448 132
449 96
450 131
451 59
452 159
453 188
454 98
455 187
456 189
457 183
458 129
459 165
460 157
461 123
462 187
463 62
464 96
465 61
466 45
467 95
468 128
469 94
470 125
471 150
472 21
473 22
474 25
475 163
476 129
477 179
478 151
479 29
480 86
481 36
482 38
483 161
484 55
485 21
486 23
487 85
488 32
489 34
490 65
491 58
492 102
493 110
494 83
495 80
496 167
497 113
498 13
499 115
500 50
