15
250
1 92
2 164
3 113
4 160
5 46
6 73
7 64
8 181
9 154
10 118
11 123
12 176
13 109
14 54
15 138
16 151
17 99
18 58
19 180
20 185
21 128
22 115
23 48
24 85
25 38
26 170
27 17
28 68
29 69
30 140
31 117
32 29
33 108
34 85
35 162
36 119
37 92
38 37
39 143
40 186
41 144
42 19
43 57
44 134
45 155
46 34
47 141
48 118
49 67
50 177
51 73
52 157
53 43
54 146
55 152
56 135
57 56
58 146
59 147
60 70
61 73
62 93
63 186
64 132
65 121
66 82
67 125
68 61
69 58
70 59
71 179
72 159
73 175
74 112
75 69
76 146
77 11
78 105
79 68
80 137
81 169
82 17
83 85
84 179
85 149
86 21
87 14
88 83
89 125
90 82
91 98
92 105
93 61
94 28
95 79
96 168
97 165
98 120
99 168
100 105
101 88
102 16
103 105
104 54
105 170
106 47
107 151
108 12
109 108
110 100
111 169
112 104
113 164
114 48
115 185
116 116
117 153
118 149
119 76
120 179
121 40
122 168
123 84
124 186
125 92
126 108
127 137
128 67
129 133
130 33
131 100
132 40
133 135
134 88
135 13
136 88
137 91
138 82
139 103
140 146
141 134
142 142
143 60
144 107
145 154
146 153
147 175
148 107
149 155
150 69
151 22
152 136
153 74
154 86
155 39
156 75
157 143
158 138
159 123
160 103
161 56
162 167
163 29
164 104
165 162
166 98
167 90
168 45
169 20
170 95
171 29
172 71
173 42
174 48
175 130
176 130
177 145
178 101
179 88
180 109
181 148
182 82
183 35
184 129
185 108
186 107
187 62
188 152
189 133
190 113
191 98
192 77
193 160
194 109
195 64
196 64
197 69
198 15
199 52
200 168
201 150
202 13
203 65
204 32
205 163
206 114
207 115
208 88
209 18
210 126
211 137
212 93
213 14
214 132
215 92
216 172
217 35
218 115
219 97
220 131
221 178
222 118
223 181
224 129
225 83
226 75
227 99
228 129
229 64
230 95
231 104
232 159
233 49
234 68
235 144
236 187
237 97
238 12
239 178
240 127
241 100
242 33
243 44
244 180
245 112
246 115
247 169
248 168
249 150
250 170
