10
100
1 79
2 151
3 185
4 14
5 107
6 86
7 64
8 143
9 77
10 103
11 57
12 131
13 71
14 137
15 128
16 124
17 64
18 125
19 145
20 174
21 48
22 147
23 65
24 43
25 107
26 59
27 136
28 186
29 174
30 84
31 163
32 56
33 42
34 83
35 86
36 29
37 162
38 23
39 88
40 37
41 115
42 32
43 60
44 133
45 141
46 30
47 100
48 29
49 85
50 172
51 61
52 48
53 78
54 50
55 133
56 21
57 72
58 157
59 105
60 176
61 139
62 26
63 51
64 155
65 146
66 154
67 49
68 87
69 56
70 89
71 97
72 144
73 117
74 41
75 88
76 60
77 93
78 150
79 126
80 159
81 122
82 168
83 115
84 97
85 28
86 137
87 20
88 180
89 26
90 10
91 41
92 62
93 189
94 125
95 100
96 156
97 120
98 45
99 40
100 17
