22
500
1 69
2 179
3 98
4 132
5 167
6 177
7 113
8 37
9 169
10 31
11 58
12 40
13 149
14 133
15 135
16 140
17 137
18 23
19 34
20 92
21 71
22 31
23 141
24 71
25 155
26 85
27 155
28 43
29 185
30 19
31 141
32 30
33 99
34 127
35 18
36 74
37 171
38 146
39 92
40 100
41 70
42 59
43 36
44 72
45 45
46 27
47 29
48 123
49 144
50 160
51 94
52 53
53 109
54 80
55 186
56 161
57 187
58 89
59 68
60 188
61 19
62 83
63 49
64 39
65 45
66 59
67 66
68 138
69 176
70 156
71 188
72 114
73 61
74 183
75 62
76 134
77 70
78 127
79 188
80 159
81 158
82 39
83 106
84 101
85 65
86 60
87 77
88 94
89 186
90 100
91 108
92 173
93 25
94 133
95 68
96 67
97 87
98 178
99 124
100 108
101 165
102 47
103 175
104 181
105 117
106 145
107 132
108 51
109 165
110 51
111 12
112 56
113 110
114 183
115 172
116 189
117 184
118 168
119 142
120 176
121 104
122 128
123 178
124 171
125 182
126 95
127 158
128 126
129 78
130 69
131 22
132 63
133 27
134 65
135 71
136 73
137 138
138 114
139 130
140 27
141 21
142 25
143 125
144 102
145 132
146 37
147 159
148 45
149 42
150 133
151 181
152 157
153 24
154 92
155 42
156 42
157 175
158 135
159 59
160 17
161 12
162 54
163 179
164 172
165 57
166 57
167 161
168 68
169 80
170 12
171 13
172 102
173 47
174 115
175 123
176 146
177 79
178 148
179 132
180 172
181 22
182 165
183 101
184 108
185 188
186 189
187 48
188 129
189 187
190 47
191 18
192 130
193 54
194 148
195 68
196 159
197 128
198 163
199 56
200 31
201 147
202 54
203 184
204 51
205 87
206 83
207 189
208 38
209 181
210 60
211 89
212 123
213 44
214 181
215 39
216 173
217 183
218 137
219 41
220 121
221 79
222 112
223 116
224 47
225 132
226 52
227 68
228 103
229 179
230 178
231 123
232 99
233 182
234 57
235 19
236 59
237 72
238 146
239 176
240 40
241 109
242 186
243 32
244 105
245 170
246 85
247 51
248 56
249 21
250 164
251 179
252 42
253 170
254 134
255 157
256 31
257 175
258 177
259 59
260 37
261 23
262 152
263 65
264 43
265 179
266 100
267 98
268 137
269 51
270 32
271 64
272 119
273 31
274 154
275 148
276 140
277 25
278 165
279 33
280 21
281 18
282 32
283 189
284 135
285 117
286 61
287 189
288 114
289 165
290 128
291 149
292 76
293 112
294 15
295 23
296 39
297 141
298 99
299 150
300 86
301 39
302 33
303 72
304 83
305 131
306 26
307 174
308 13
309 135
310 65
311 36
312 37
313 166
314 147
315 92
316 29
317 92
318 113
319 71
320 176
321 95
322 63
323 167
324 74
325 45
326 84
327 17
328 115
329 188
330 75
331 82
332 82
333 101
334 29
335 86
336 72
337 56
338 12
339 113
340 123
341 144
342 152
343 37
344 51
345 189
346 137
347 74
348 184
349 134
350 66
351 37
352 58
353 82
354 117
355 164
356 32
357 22
358 163
359 34
360 75
361 40
362 124
363 123
364 100
365 16
366 15
367 24
368 63
369 72
370 184
371 73
372 156
373 119
374 104
375 184
376 150
377 91
378 85
379 30
380 123
381 79
382 128
383 165
384 46
385 156
386 167
387 112
388 121
389 92
390 80
391 164
392 187
393 158
394 180
395 187
396 181
397 180
398 121
399 167
400 162
401 58
402 129
403 26
404 53
405 173
406 167
407 185
408 116
409 132
410 43
411 40
412 135
413 56
414 74
415 31
416 90
417 51
418 164
419 75
420 139
421 103
422 187
423 85
424 56
425 76
426 185
427 132
428 69
429 15
430 150
431 163
432 23
433 110
434 183
435 45
436 14
437 149
438 103
439 176
440 137
441 160
442 132
443 97
444 67
445 37
446 102
447 73
448 180
449 125
450 165
451 170
452 99
453 18
454 160
455 66
456 89
457 171
458 147
459 58
460 148
461 119
462 129
463 147
464 153
465 144
466 95
467 153
468 34
469 16
470 106
471 16
472 43
473 20
474 52
475 31
476 97
477 85
478 170
479 114
480 78
481 16
482 25
483 92
484 181
485 17
486 47
487 11
488 118
489 155
490 137
491 155
492 117
493 60
494 124
495 189
496 128
497 24
498 176
499 14
500 30
