15
250
1 88
2 24
3 109
4 99
5 11
6 10
7 143
8 118
9 70
10 106
11 116
12 119
13 147
14 171
15 155
16 186
17 99
18 36
19 82
20 18
21 45
22 56
23 110
24 189
25 19
26 185
27 46
28 137
29 50
30 119
31 14
32 54
33 163
34 150
35 173
36 102
37 17
38 25
39 159
40 80
41 133
42 26
43 102
44 68
45 48
46 120
47 28
48 160
49 65
50 147
51 146
52 41
53 99
54 40
55 188
56 97
57 116
58 89
59 32
60 169
61 96
62 171
63 73
64 135
65 179
66 158
67 134
68 102
69 105
70 58
71 189
72 82
73 11
74 26
75 177
76 12
77 152
78 163
79 103
80 134
81 52
82 159
83 48
84 183
85 102
86 51
87 110
88 46
89 17
90 182
91 154
92 185
93 31
94 183
95 117
96 79
97 121
98 110
99 99
100 135
101 91
102 164
103 120
104 168
105 172
106 138
107 175
108 45
109 27
110 137
111 21
112 20
113 90
114 28
115 10
116 20
117 36
118 49
119 131
120 125
121 106
122 169
123 180
124 10
125 131
126 159
127 158
128 169
129 28
130 117
131 65
132 49
133 82
134 52
135 32
136 121
137 135
138 113
139 166
140 113
141 109
142 109
143 189
144 79
145 167
146 129
147 54
148 145
149 46
150 91
151 79
152 30
153 140
154 38
155 125
156 154
157 148
158 132
159 74
160 106
161 145
162 51
163 188
164 137
165 144
166 173
167 61
168 90
169 17
170 149
171 186
172 175
173 82
174 43
175 63
176 175
177 100
178 164
179 117
180 68
181 189
182 96
183 67
184 76
185 127
186 45
187 154
188 71
189 138
190 93
191 147
192 166
193 51
194 63
195 124
196 162
197 104
198 23
199 44
200 106
201 93
202 28
203 129
204 155
205 62
206 108
207 68
208 12
209 41
210 31
211 150
212 95
213 51
214 28
215 37
216 28
217 26
218 154
219 35
220 187
221 17
222 134
223 105
224 28
225 19
226 183
227 100
228 51
229 54
230 127
231 140
232 162
233 136
234 52
235 189
236 97
237 106
238 135
239 79
240 105
241 81
242 184
243 171
244 69
245 126
246 36
247 15
248 37
249 105
250 189
