15
250
1 71
2 163
3 180
4 183
5 159
6 50
7 79
8 63
9 66
10 178
11 43
12 123
13 136
14 101
15 153
16 134
17 134
18 103
19 12
20 140
21 111
22 68
23 134
24 87
25 127
26 10
27 11
28 170
29 185
30 65
31 174
32 59
33 53
34 188
35 53
36 128
37 166
38 162
39 91
40 129
41 46
42 185
43 137
44 140
45 40
46 70
47 33
48 69
49 67
50 150
51 83
52 29
53 169
54 185
55 139
56 159
57 151
58 41
59 176
60 62
61 36
62 178
63 91
64 31
65 150
66 73
67 19
68 182
69 36
70 11
71 173
72 103
73 58
74 21
75 86
76 172
77 183
78 99
79 180
80 134
81 121
82 18
83 126
84 174
85 39
86 85
87 48
88 141
89 12
90 71
91 154
92 183
93 121
94 183
95 157
96 161
97 145
98 154
99 156
100 51
101 101
102 160
103 166
104 26
105 169
106 102
107 61
108 183
109 162
110 102
111 175
112 40
113 119
114 144
115 65
116 59
117 12
118 166
119 93
120 138
121 23
122 136
123 184
124 50
125 20
126 166
127 61
128 36
129 50
130 139
131 158
132 121
133 149
134 122
135 129
136 158
137 52
138 64
139 40
140 49
141 66
142 146
143 69
144 24
145 161
146 24
147 100
148 48
149 41
150 63
151 82
152 101
153 11
154 132
155 180
156 61
157 81
158 39
159 74
160 74
161 91
162 163
163 166
164 142
165 16
166 119
167 90
168 38
169 187
170 54
171 169
172 131
173 57
174 24
175 182
176 13
177 68
178 18
179 154
180 73
181 159
182 149
183 24
184 171
185 25
186 166
187 59
188 26
189 172
190 73
191 105
192 52
193 25
194 128
195 16
196 57
197 166
198 179
199 73
200 187
201 85
202 102
203 44
204 152
205 69
206 123
207 155
208 153
209 91
210 154
211 132
212 155
213 10
214 127
215 106
216 116
217 172
218 56
219 12
220 95
221 97
222 100
223 28
224 142
225 43
226 108
227 151
228 138
229 15
230 112
231 122
232 57
233 70
234 123
235 43
236 47
237 24
238 152
239 54
240 74
241 96
242 164
243 110
244 73
245 118
246 178
247 120
248 39
249 69
250 156
