22
500
1 144
2 30
3 129
4 84
5 157
6 137
7 97
8 147
9 79
10 101
11 106
12 169
13 11
14 108
15 114
16 103
17 166
18 137
19 169
20 114
21 87
22 158
23 133
24 45
25 92
26 43
27 81
28 109
29 96
30 84
31 168
32 26
33 138
34 33
35 86
36 155
37 122
38 48
39 168
40 139
41 161
42 39
43 29
44 32
45 98
46 41
47 109
48 165
49 136
50 20
51 86
52 107
53 60
54 166
55 39
56 92
57 177
58 65
59 101
60 105
61 19
62 95
63 50
64 130
65 112
66 98
67 84
68 52
69 150
70 117
71 54
72 134
73 14
74 189
75 178
76 105
77 75
78 16
79 63
80 27
81 175
82 184
83 15
84 71
85 170
86 24
87 82
88 112
89 28
90 48
91 122
92 104
93 57
94 10
95 142
96 11
97 121
98 110
99 185
100 113
101 31
102 102
103 67
104 124
105 111
106 39
107 39
108 127
109 99
110 57
111 53
112 77
113 35
114 113
115 149
116 106
117 29
118 38
119 94
120 121
121 60
122 177
123 88
124 134
125 182
126 66
127 39
128 51
129 101
130 48
131 140
132 122
133 130
134 61
135 19
136 62
137 132
138 72
139 187
140 47
141 173
142 132
143 83
144 11
145 164
146 78
147 70
148 144
149 166
150 18
151 170
152 112
153 87
154 115
155 55
156 184
157 157
158 13
159 110
160 97
161 32
162 33
163 69
164 125
165 122
166 124
167 109
168 66
169 29
170 172
171 115
172 77
173 82
174 68
175 93
176 174
177 34
178 167
179 16
180 180
181 61
182 45
183 184
184 51
185 104
186 86
187 92
188 134
189 30
190 132
191 108
192 65
193 94
194 12
195 29
196 180
197 145
198 60
199 106
200 50
201 95
202 116
203 154
204 152
205 141
206 47
207 123
208 152
209 61
210 149
211 151
212 43
213 65
214 11
215 38
216 160
217 95
218 67
219 18
220 184
221 178
222 99
223 178
224 163
225 51
226 13
227 19
228 43
229 111
230 189
231 150
232 153
233 148
234 35
235 120
236 89
237 147
238 35
239 160
240 151
241 116
242 55
243 137
244 148
245 103
246 164
247 180
248 178
249 111
250 33
251 41
252 29
253 25
254 126
255 155
256 15
257 171
258 113
259 163
260 127
261 157
262 175
263 45
264 183
265 97
266 45
267 161
268 51
269 115
270 109
271 13
272 130
273 21
274 113
275 48
276 40
277 50
278 52
279 84
280 61
281 38
282 21
283 177
284 150
285 46
286 185
287 58
288 166
289 42
290 47
291 145
292 68
293 162
294 98
295 150
296 160
297 51
298 151
299 154
300 68
301 47
302 30
303 50
304 129
305 39
306 136
307 171
308 31
309 50
310 35
311 148
312 34
313 127
314 166
315 183
316 107
317 134
318 87
319 158
320 39
321 156
322 80
323 82
324 94
325 167
326 126
327 23
328 60
329 184
330 33
331 162
332 58
333 39
334 60
335 14
336 80
337 43
338 104
339 182
340 56
341 121
342 61
343 22
344 111
345 106
346 113
347 70
348 95
349 112
350 98
351 128
352 177
353 177
354 123
355 33
356 180
357 52
358 47
359 110
360 20
361 34
362 113
363 69
364 177
365 48
366 36
367 115
368 88
369 143
370 31
371 18
372 12
373 156
374 69
375 172
376 89
377 111
378 73
379 183
380 107
381 189
382 60
383 112
384 146
385 185
386 172
387 94
388 127
389 116
390 72
391 176
392 186
393 159
394 45
395 119
396 102
397 34
398 146
399 11
400 139
401 144
402 103
403 26
404 11
405 74
406 93
407 78
408 133
409 42
410 182
411 184
412 138
413 88
414 131
415 57
416 70
417 176
418 172
419 166
420 99
421 55
422 71
423 84
424 72
425 157
426 117
427 65
428 69
429 132
430 10
431 55
432 83
433 58
434 92
435 106
436 53
437 124
438 183
439 162
440 182
441 99
442 137
443 179
444 109
445 122
446 33
447 180
448 143
449 114
450 166
451 92
452 27
453 38
454 138
455 84
456 73
457 142
458 52
459 142
460 134
461 146
462 84
463 39
464 171
465 21
466 41
467 127
468 85
469 109
470 125
471 54
472 116
473 174
474 33
475 151
476 12
477 122
478 151
479 22
480 82
481 19
482 87
483 92
484 120
485 153
486 14
487 138
488 153
489 48
490 90
491 67
492 80
493 45
494 55
495 90
496 83
497 177
498 134
499 96
500 95
