22
500
1 40
2 91
3 75
4 167
5 47
6 74
7 118
8 171
9 173
10 32
11 49
12 106
13 14
14 184
15 103
16 74
17 33
18 124
19 51
20 77
21 58
22 19
23 124
24 99
25 63
26 107
27 50
28 27
29 186
30 85
31 32
32 99
33 23
34 94
35 93
36 138
37 84
38 119
39 175
40 70
41 117
42 181
43 150
44 46
45 50
46 19
47 114
48 114
49 44
50 141
51 120
52 150
53 176
54 149
55 122
56 141
57 175
58 105
59 63
60 75
61 35
62 153
63 189
64 121
65 99
66 78
67 183
68 126
69 122
70 60
71 99
72 47
73 30
74 157
75 89
76 28
77 185
78 60
79 118
80 59
81 41
82 145
83 175
84 109
85 184
86 139
87 30
88 143
89 111
90 108
91 84
92 159
93 84
94 104
95 62
96 133
97 79
98 101
99 141
100 69
101 73
102 102
103 84
104 132
105 25
106 44
107 172
108 123
109 137
110 30
111 68
112 91
113 101
114 162
115 140
116 182
117 43
118 178
119 137
120 110
121 98
122 72
123 11
124 106
125 104
126 154
127 177
128 123
129 24
130 89
131 150
132 109
133 82
134 45
135 129
136 183
137 62
138 106
139 176
140 123
141 159
142 94
143 87
144 19
145 128
146 55
147 67
148 13
149 142
150 28
151 18
152 90
153 125
154 44
155 37
156 72
157 141
158 108
159 28
160 82
161 109
162 15
163 175
164 33
165 51
166 60
167 127
168 132
169 132
170 130
171 149
172 92
173 171
174 87
175 67
176 98
177 49
178 179
179 112
180 15
181 75
182 141
183 161
184 175
185 43
186 162
187 61
188 101
189 30
190 109
191 179
192 63
193 91
194 47
195 132
196 173
197 122
198 39
199 17
200 152
201 167
202 78
203 106
204 10
205 118
206 169
207 28
208 153
209 165
210 172
211 142
212 91
213 31
214 160
215 130
216 168
217 41
218 173
219 137
220 110
221 71
222 22
223 120
224 145
225 62
226 141
227 149
228 89
229 17
230 154
231 187
232 31
233 21
234 84
235 33
236 30
237 94
238 149
239 43
240 160
241 167
242 112
243 130
244 156
245 59
246 25
247 10
248 62
249 66
250 156
251 155
252 185
253 164
254 162
255 73
256 37
257 36
258 101
259 138
260 138
261 173
262 38
263 41
264 41
265 139
266 70
267 40
268 178
269 104
270 78
271 171
272 74
273 107
274 81
275 24
276 12
277 157
278 141
279 104
280 116
281 27
282 52
283 176
284 88
285 172
286 121
287 105
288 71
289 136
290 107
291 154
292 159
293 19
294 23
295 187
296 169
297 27
298 42
299 164
300 116
301 73
302 61
303 144
304 69
305 167
306 161
307 172
308 11
309 79
310 87
311 36
312 95
313 48
314 102
315 24
316 162
317 13
318 44
319 161
320 82
321 60
322 138
323 10
324 127
325 158
326 179
327 10
328 68
329 153
330 81
331 132
332 111
333 175
334 45
335 11
336 70
337 56
338 149
339 65
340 147
341 187
342 103
343 119
344 163
345 36
346 120
347 142
348 139
349 122
350 150
351 183
352 103
353 56
354 28
355 38
356 180
357 93
358 57
359 121
360 174
361 124
362 120
363 170
364 83
365 48
366 59
367 39
368 88
369 184
370 93
371 33
372 53
373 123
374 30
375 115
376 119
377 155
378 171
379 72
380 131
381 27
382 120
383 21
384 170
385 133
386 179
387 134
388 141
389 114
390 98
391 177
392 146
393 133
394 73
395 16
396 52
397 30
398 77
399 120
400 173
401 111
402 153
403 14
404 62
405 14
406 20
407 38
408 184
409 98
410 79
411 60
412 70
413 28
414 137
415 67
416 138
417 15
418 33
419 125
420 42
421 127
422 28
423 153
424 17
425 103
426 69
427 63
428 151
429 155
430 174
431 174
432 121
433 149
434 133
435 49
436 109
437 87
438 71
439 64
440 78
441 157
442 28
443 95
444 33
445 73
446 177
447 159
448 36
449 169
450 32
451 16
452 40
453 10
454 27
455 49
456 111
457 131
458 60
459 119
460 150
461 121
462 147
463 86
464 18
465 136
466 60
467 61
468 70
469 104
470 149
471 119
472 133
473 19
474 178
475 164
476 66
477 158
478 137
479 127
480 140
481 188
482 173
483 95
484 141
485 18
486 182
487 93
488 115
489 17
490 13
491 132
492 27
493 98
494 30
495 95
496 22
497 67
498 128
499 124
500 21
