10
100
1 151
2 117
3 187
4 38
5 129
6 166
7 82
8 30
9 73
10 92
11 30
12 25
13 86
14 89
15 96
16 181
17 22
18 99
19 14
20 178
21 17
22 112
23 66
24 49
25 103
26 128
27 76
28 16
29 79
30 118
31 116
32 188
33 105
34 102
35 74
36 55
37 119
38 91
39 166
40 114
41 112
42 173
43 24
44 159
45 137
46 163
47 132
48 93
49 148
50 168
51 12
52 13
53 20
54 132
55 126
56 19
57 59
58 123
59 185
60 114
61 112
62 109
63 25
64 17
65 12
66 121
67 43
68 121
69 96
70 12
71 111
72 139
73 93
74 56
75 181
76 67
77 116
78 134
79 95
80 155
81 74
82 69
83 181
84 81
85 135
86 159
87 22
88 146
89 52
90 19
91 103
92 152
93 59
94 124
95 98
96 46
97 170
98 41
99 25
100 178
