10
100
1 82
2 144
3 126
4 25
5 31
6 158
7 129
8 161
9 97
10 29
11 106
12 94
13 183
14 25
15 99
16 63
17 21
18 20
19 157
20 105
21 175
22 60
23 157
24 91
25 123
26 177
27 29
28 115
29 94
30 115
31 69
32 93
33 22
34 181
35 127
36 53
37 114
38 135
39 134
40 83
41 188
42 180
43 75
44 100
45 29
46 41
47 111
48 108
49 12
50 163
51 34
52 76
53 130
54 128
55 156
56 156
57 151
58 169
59 93
60 21
61 73
62 183
63 135
64 14
65 153
66 128
67 64
68 82
69 10
70 29
71 123
72 104
73 186
74 83
75 24
76 119
77 181
78 106
79 24
80 179
81 169
82 158
83 56
84 180
85 85
86 29
87 45
88 110
89 50
90 183
91 12
92 146
93 47
94 42
95 56
96 149
97 93
98 49
99 161
100 23
