15
250
1 166
2 10
3 90
4 138
5 184
6 78
7 115
8 115
9 54
10 27
11 31
12 36
13 18
14 55
15 12
16 14
17 76
18 179
19 118
20 139
21 37
22 172
23 104
24 165
25 26
26 13
27 127
28 122
29 60
30 14
31 183
32 170
33 184
34 102
35 70
36 158
37 183
38 145
39 182
40 45
41 136
42 48
43 155
44 179
45 143
46 55
47 146
48 63
49 139
50 30
51 157
52 18
53 155
54 19
55 58
56 131
57 141
58 11
59 160
60 168
61 12
62 24
63 189
64 173
65 12
66 135
67 38
68 171
69 102
70 92
71 101
72 74
73 145
74 132
75 180
76 173
77 180
78 111
79 73
80 89
81 93
82 62
83 174
84 189
85 59
86 155
87 39
88 77
89 29
90 173
91 22
92 49
93 78
94 43
95 54
96 98
97 126
98 141
99 109
100 120
101 67
102 178
103 56
104 34
105 34
106 109
107 158
108 40
109 184
110 38
111 32
112 18
113 96
114 118
115 148
116 159
117 187
118 136
119 73
120 89
121 99
122 126
123 100
124 55
125 182
126 32
127 125
128 101
129 175
130 187
131 92
132 47
133 35
134 27
135 95
136 59
137 57
138 167
139 184
140 80
141 137
142 74
143 73
144 52
145 87
146 56
147 40
148 175
149 20
150 98
151 110
152 54
153 70
154 43
155 116
156 180
157 188
158 112
159 140
160 103
161 29
162 70
163 162
164 50
165 58
166 23
167 122
168 162
169 12
170 136
171 107
172 115
173 137
174 27
175 19
176 95
177 42
178 141
179 18
180 102
181 14
182 165
183 153
184 33
185 50
186 56
187 62
188 17
189 80
190 65
191 134
192 155
193 82
194 162
195 172
196 111
197 128
198 19
199 22
200 69
201 111
202 53
203 146
204 176
205 101
206 115
207 130
208 130
209 126
210 32
211 177
212 185
213 60
214 74
215 134
216 29
217 31
218 28
219 119
220 130
221 129
222 125
223 71
224 153
225 130
226 22
227 157
228 132
229 96
230 189
231 33
232 167
233 144
234 105
235 182
236 43
237 180
238 103
239 106
240 49
241 50
242 59
243 173
244 14
245 139
246 108
247 40
248 74
249 58
250 140
