15
250
1 47
2 27
3 78
4 81
5 185
6 107
7 162
8 141
9 96
10 122
11 28
12 181
13 58
14 181
15 104
16 56
17 96
18 76
19 105
20 109
21 51
22 57
23 88
24 159
25 178
26 120
27 75
28 94
29 108
30 32
31 20
32 169
33 74
34 101
35 113
36 133
37 61
38 139
39 77
40 115
41 157
42 128
43 20
44 66
45 89
46 181
47 73
48 146
49 74
50 141
51 33
52 45
53 175
54 40
55 167
56 175
57 28
58 48
59 17
60 93
61 76
62 62
63 188
64 70
65 141
66 91
67 100
68 115
69 170
70 109
71 51
72 185
73 40
74 34
75 121
76 106
77 57
78 125
79 38
80 68
81 155
82 69
83 111
84 42
85 46
86 170
87 83
88 101
89 48
90 109
91 129
92 178
93 23
94 184
95 15
96 175
97 136
98 65
99 30
100 111
101 48
102 137
103 33
104 132
105 115
106 112
107 45
108 176
109 160
110 15
111 188
112 68
113 49
114 89
115 43
116 134
117 75
118 132
119 100
120 153
121 32
122 89
123 71
124 163
125 21
126 44
127 109
128 15
129 63
130 85
131 32
132 61
133 102
134 171
135 12
136 83
137 92
138 143
139 98
140 41
141 67
142 96
143 182
144 105
145 62
146 187
147 47
148 182
149 127
150 42
151 104
152 104
153 98
154 172
155 115
156 25
157 127
158 84
159 125
160 14
161 186
162 30
163 37
164 44
165 144
166 10
167 113
168 10
169 185
170 158
171 155
172 117
173 13
174 21
175 86
176 43
177 172
178 63
179 153
180 73
181 145
182 172
183 93
184 72
185 164
186 25
187 146
188 123
189 33
190 145
191 185
192 172
193 145
194 49
195 101
196 92
197 47
198 92
199 147
200 185
201 136
202 118
203 165
204 19
205 155
206 64
207 118
208 178
209 81
210 108
211 120
212 184
213 186
214 98
215 116
216 107
217 109
218 52
219 27
220 10
221 170
222 87
223 23
224 81
225 76
226 112
227 100
228 19
229 43
230 31
231 77
232 12
233 23
234 54
235 62
236 32
237 76
238 182
239 123
240 123
241 79
242 46
243 56
244 79
245 21
246 88
247 77
248 71
249 108
250 38
