10
100
1 110
2 11
3 161
4 100
5 68
6 176
7 80
8 25
9 61
10 19
11 105
12 20
13 12
14 151
15 56
16 80
17 13
18 50
19 23
20 170
21 75
22 85
23 135
24 159
25 178
26 154
27 118
28 19
29 149
30 155
31 140
32 178
33 115
34 116
35 24
36 28
37 139
38 23
39 64
40 37
41 178
42 44
43 161
44 172
45 143
46 36
47 97
48 159
49 37
50 37
51 52
52 37
53 85
54 113
55 70
56 19
57 120
58 187
59 140
60 148
61 137
62 167
63 181
64 95
65 160
66 13
67 116
68 27
69 162
70 154
71 32
72 119
73 145
74 46
75 26
76 144
77 25
78 74
79 152
80 40
81 157
82 21
83 175
84 92
85 31
86 91
87 152
88 15
89 110
90 59
91 93
92 38
93 22
94 66
95 179
96 141
97 31
98 18
99 95
100 176
