10
100
1 110
2 45
3 109
4 130
5 98
6 165
7 110
8 123
9 24
10 86
11 14
12 91
13 104
14 108
15 152
16 136
17 32
18 105
19 173
20 18
21 186
22 154
23 86
24 103
25 151
26 123
27 53
28 13
29 62
30 45
31 163
32 125
33 135
34 130
35 18
36 179
37 172
38 17
39 69
40 29
41 142
42 49
43 153
44 55
45 101
46 18
47 97
48 133
49 85
50 59
51 74
52 59
53 101
54 114
55 168
56 110
57 58
58 77
59 108
60 39
61 93
62 153
63 42
64 102
65 174
66 30
67 56
68 17
69 20
70 139
71 118
72 59
73 31
74 24
75 130
76 112
77 33
78 154
79 92
80 95
81 134
82 22
83 110
84 159
85 43
86 118
87 149
88 147
89 149
90 125
91 19
92 141
93 48
94 158
95 10
96 146
97 66
98 21
99 155
100 60
