10
100
1 121
2 71
3 164
4 58
5 37
6 63
7 106
8 137
9 111
10 155
11 68
12 128
13 17
14 125
15 127
16 42
17 66
18 73
19 119
20 123
21 142
22 49
23 31
24 127
25 177
26 82
27 80
28 153
29 180
30 152
31 124
32 97
33 148
34 21
35 188
36 38
37 100
38 87
39 69
40 46
41 87
42 189
43 94
44 91
45 34
46 92
47 43
48 93
49 89
50 39
51 95
52 150
53 148
54 188
55 95
56 17
57 105
58 102
59 90
60 98
61 61
62 76
63 129
64 103
65 159
66 172
67 60
68 73
69 46
70 106
71 160
72 174
73 20
74 112
75 44
76 91
77 120
78 124
79 111
80 58
81 141
82 68
83 28
84 178
85 83
86 185
87 188
88 83
89 119
90 18
91 30
92 162
93 85
94 60
95 32
96 121
97 94
98 64
99 163
100 143
