22
500
1 115
2 174
3 14
4 183
5 81
6 72
7 95
8 51
9 95
10 136
11 83
12 162
13 154
14 50
15 162
16 152
17 59
18 76
19 126
20 161
21 152
22 147
23 125
24 130
25 111
26 27
27 128
28 167
29 62
30 24
31 83
32 13
33 33
34 141
35 135
36 133
37 167
38 65
39 170
40 34
41 144
42 65
43 75
44 28
45 112
46 109
47 169
48 122
49 126
50 87
51 74
52 75
53 148
54 74
55 20
56 189
57 166
58 152
59 136
60 155
61 98
62 172
63 84
64 82
65 86
66 104
67 114
68 67
69 133
70 138
71 44
72 131
73 165
74 105
75 35
76 35
77 59
78 63
79 188
80 123
81 130
82 134
83 30
84 167
85 21
86 44
87 33
88 118
89 38
90 139
91 73
92 167
93 168
94 64
95 154
96 165
97 18
98 176
99 120
100 138
101 23
102 153
103 112
104 148
105 174
106 132
107 166
108 81
109 174
110 174
111 71
112 173
113 42
114 105
115 142
116 110
117 100
118 165
119 130
120 16
121 181
122 32
123 83
124 83
125 53
126 99
127 150
128 170
129 128
130 35
131 33
132 78
133 40
134 45
135 152
136 28
137 123
138 82
139 157
140 16
141 150
142 55
143 109
144 151
145 184
146 89
147 159
148 56
149 36
150 176
151 29
152 123
153 110
154 178
155 127
156 46
157 152
158 187
159 68
160 174
161 34
162 184
163 83
164 134
165 13
166 161
167 186
168 79
169 113
170 113
171 154
172 168
173 58
174 134
175 44
176 77
177 187
178 145
179 112
180 44
181 178
182 135
183 152
184 31
185 72
186 185
187 64
188 49
189 146
190 18
191 56
192 159
193 87
194 112
195 164
196 155
197 149
198 51
199 167
200 145
201 74
202 134
203 15
204 151
205 91
206 178
207 94
208 15
209 127
210 81
211 38
212 135
213 134
214 164
215 51
216 124
217 161
218 22
219 142
220 100
221 111
222 149
223 58
224 19
225 155
226 150
227 131
228 57
229 173
230 165
231 186
232 91
233 111
234 35
235 51
236 51
237 184
238 181
239 140
240 17
241 164
242 14
243 108
244 156
245 39
246 101
247 64
248 83
249 140
250 100
251 13
252 26
253 110
254 165
255 169
256 137
257 58
258 91
259 188
260 139
261 68
262 61
263 121
264 71
265 60
266 175
267 131
268 88
269 58
270 78
271 78
272 140
273 85
274 179
275 177
276 180
277 97
278 136
279 89
280 158
281 69
282 131
283 142
284 92
285 131
286 36
287 110
288 65
289 67
290 98
291 28
292 182
293 23
294 77
295 82
296 67
297 186
298 143
299 38
300 111
301 40
302 48
303 123
304 78
305 64
306 141
307 132
308 151
309 149
310 14
311 115
312 147
313 35
314 52
315 164
316 73
317 120
318 187
319 121
320 183
321 76
322 95
323 62
324 146
325 153
326 106
327 178
328 102
329 75
330 134
331 16
332 56
333 19
334 169
335 108
336 93
337 128
338 111
339 34
340 32
341 159
342 155
343 74
344 61
345 52
346 59
347 79
348 147
349 174
350 21
351 58
352 187
353 64
354 111
355 174
356 34
357 99
358 96
359 104
360 136
361 84
362 152
363 157
364 135
365 154
366 55
367 137
368 108
369 25
370 145
371 173
372 141
373 142
374 95
375 138
376 92
377 31
378 134
379 67
380 56
381 123
382 68
383 36
384 122
385 11
386 153
387 120
388 99
389 148
390 83
391 22
392 49
393 154
394 58
395 70
396 87
397 26
398 15
399 106
400 151
401 15
402 188
403 112
404 143
405 59
406 90
407 162
408 188
409 28
410 27
411 77
412 64
413 87
414 91
415 124
416 147
417 49
418 18
419 29
420 32
421 97
422 126
423 158
424 125
425 147
426 140
427 150
428 121
429 139
430 162
431 19
432 26
433 70
434 156
435 59
436 41
437 49
438 87
439 107
440 154
441 55
442 10
443 144
444 36
445 29
446 130
447 146
448 97
449 34
450 89
451 180
452 143
453 126
454 119
455 53
456 161
457 60
458 108
459 117
460 61
461 51
462 58
463 39
464 118
465 110
466 123
467 159
468 153
469 169
470 136
471 49
472 64
473 52
474 22
475 21
476 20
477 42
478 44
479 98
480 66
481 79
482 118
483 85
484 106
485 134
486 61
487 179
488 23
489 54
490 17
491 59
492 82
493 161
494 52
495 183
496 141
497 163
498 63
499 15
500 52
