15
250
1 29
2 76
3 164
4 101
5 80
6 33
7 64
8 81
9 126
10 171
11 130
12 31
13 152
14 50
15 92
16 120
17 106
18 139
19 12
20 73
21 113
22 103
23 94
24 79
25 62
26 136
27 89
28 14
29 21
30 35
31 181
32 151
33 164
34 105
35 150
36 124
37 170
38 58
39 46
40 98
41 181
42 171
43 153
44 109
45 183
46 176
47 90
48 89
49 189
50 26
51 154
52 124
53 148
54 91
55 113
56 133
57 17
58 93
59 110
60 143
61 114
62 128
63 29
64 134
65 155
66 88
67 91
68 96
69 32
70 82
71 161
72 176
73 16
74 131
75 141
76 62
77 123
78 100
79 69
80 119
81 145
82 117
83 96
84 54
85 58
86 49
87 24
88 184
89 174
90 155
91 34
92 25
93 154
94 27
95 41
96 41
97 141
98 32
99 121
100 98
101 166
102 67
103 76
104 43
105 123
106 117
107 35
108 146
109 167
110 33
111 51
112 54
113 178
114 72
115 168
116 117
117 161
118 58
119 82
120 14
121 165
122 54
123 51
124 159
125 164
126 46
127 49
128 62
129 23
130 66
131 176
132 146
133 51
134 156
135 109
136 189
137 87
138 41
139 170
140 76
141 188
142 167
143 59
144 171
145 24
146 66
147 86
148 63
149 78
150 52
151 179
152 50
153 42
154 101
155 30
156 151
157 145
158 68
159 113
160 71
161 35
162 134
163 51
164 28
165 97
166 73
167 15
168 156
169 179
170 88
171 91
172 66
173 62
174 158
175 96
176 133
177 152
178 68
179 171
180 34
181 89
182 125
183 111
184 113
185 158
186 93
187 170
188 63
189 177
190 50
191 65
192 104
193 135
194 187
195 51
196 172
197 30
198 30
199 162
200 24
201 12
202 126
203 78
204 134
205 81
206 158
207 100
208 137
209 173
210 102
211 107
212 116
213 93
214 11
215 145
216 138
217 12
218 134
219 184
220 113
221 175
222 90
223 137
224 188
225 15
226 62
227 31
228 53
229 123
230 123
231 94
232 92
233 64
234 119
235 114
236 85
237 96
238 32
239 182
240 94
241 60
242 151
243 133
244 50
245 51
246 24
247 103
248 54
249 113
250 123
