10
100
1 10
2 17
3 178
4 167
5 92
6 55
7 161
8 177
9 55
10 127
11 33
12 181
13 107
14 138
15 56
16 125
17 145
18 154
19 110
20 139
21 43
22 44
23 125
24 185
25 80
26 11
27 146
28 34
29 86
30 50
31 186
32 166
33 87
34 152
35 10
36 14
37 169
38 30
39 170
40 88
41 45
42 141
43 58
44 118
45 141
46 42
47 19
48 21
49 171
50 116
51 81
52 117
53 185
54 74
55 166
56 188
57 148
58 182
59 186
60 170
61 178
62 58
63 163
64 24
65 139
66 113
67 64
68 33
69 93
70 22
71 161
72 133
73 83
74 58
75 122
76 16
77 24
78 24
79 38
80 156
81 117
82 102
83 28
84 159
85 121
86 26
87 164
88 161
89 54
90 39
91 16
92 168
93 92
94 90
95 57
96 50
97 174
98 53
99 97
100 157
