10
100
1 188
2 53
3 157
4 167
5 125
6 137
7 58
8 23
9 43
10 99
11 187
12 182
13 110
14 32
15 49
16 107
17 69
18 151
19 43
20 33
21 136
22 41
23 63
24 171
25 172
26 153
27 86
28 167
29 100
30 157
31 152
32 168
33 27
34 116
35 102
36 138
37 62
38 112
39 164
40 172
41 131
42 68
43 91
44 44
45 86
46 139
47 59
48 49
49 21
50 98
51 63
52 142
53 123
54 189
55 122
56 135
57 82
58 121
59 122
60 155
61 49
62 187
63 100
64 161
65 149
66 169
67 98
68 55
69 108
70 82
71 153
72 24
73 124
74 60
75 140
76 181
77 14
78 124
79 182
80 61
81 39
82 27
83 104
84 155
85 129
86 77
87 147
88 121
89 55
90 164
91 148
92 122
93 162
94 97
95 119
96 80
97 88
98 110
99 22
100 33
