22
500
1 25
2 109
3 30
4 175
5 34
6 133
7 169
8 158
9 76
10 40
11 153
12 184
13 134
14 104
15 162
16 160
17 137
18 160
19 39
20 95
21 156
22 159
23 73
24 88
25 43
26 29
27 71
28 48
29 182
30 143
31 32
32 109
33 77
34 84
35 130
36 14
37 175
38 157
39 140
40 177
41 59
42 182
43 11
44 152
45 109
46 47
47 82
48 161
49 154
50 174
51 15
52 164
53 146
54 34
55 131
56 67
57 79
58 45
59 22
60 173
61 35
62 179
63 28
64 120
65 40
66 187
67 24
68 147
69 79
70 48
71 126
72 28
73 62
74 49
75 23
76 127
77 28
78 105
79 166
80 111
81 87
82 63
83 44
84 21
85 102
86 125
87 133
88 28
89 189
90 24
91 33
92 48
93 57
94 156
95 69
96 63
97 121
98 134
99 63
100 94
101 86
102 100
103 182
104 176
105 76
106 93
107 59
108 74
109 38
110 131
111 73
112 139
113 105
114 81
115 167
116 47
117 30
118 185
119 152
120 175
121 164
122 62
123 154
124 108
125 141
126 183
127 35
128 94
129 32
130 113
131 101
132 163
133 17
134 136
135 112
136 89
137 134
138 38
139 173
140 160
141 101
142 88
143 36
144 29
145 119
146 85
147 167
148 104
149 115
150 93
151 19
152 54
153 97
154 67
155 87
156 40
157 187
158 147
159 59
160 176
161 90
162 80
163 56
164 142
165 178
166 89
167 52
168 26
169 47
170 28
171 126
172 88
173 156
174 180
175 141
176 184
177 114
178 148
179 23
180 34
181 30
182 153
183 118
184 19
185 16
186 87
187 181
188 46
189 19
190 53
191 24
192 50
193 175
194 103
195 36
196 119
197 86
198 165
199 31
200 123
201 160
202 111
203 102
204 149
205 182
206 184
207 18
208 134
209 97
210 92
211 38
212 56
213 89
214 154
215 37
216 182
217 76
218 74
219 152
220 110
221 46
222 176
223 122
224 107
225 114
226 65
227 19
228 43
229 86
230 144
231 112
232 138
233 20
234 158
235 109
236 56
237 37
238 179
239 179
240 116
241 109
242 90
243 165
244 130
245 33
246 159
247 41
248 37
249 38
250 71
251 95
252 86
253 26
254 160
255 65
256 12
257 167
258 136
259 147
260 117
261 140
262 45
263 28
264 49
265 16
266 147
267 94
268 50
269 180
270 13
271 134
272 25
273 37
274 182
275 95
276 136
277 59
278 100
279 189
280 82
281 25
282 48
283 35
284 119
285 56
286 146
287 118
288 53
289 127
290 58
291 10
292 20
293 162
294 160
295 89
296 185
297 164
298 32
299 51
300 76
301 75
302 171
303 181
304 167
305 158
306 88
307 174
308 167
309 97
310 170
311 125
312 97
313 21
314 179
315 113
316 46
317 21
318 61
319 140
320 137
321 114
322 80
323 153
324 98
325 30
326 174
327 97
328 169
329 55
330 135
331 94
332 76
333 150
334 137
335 87
336 110
337 92
338 19
339 116
340 41
341 185
342 13
343 30
344 108
345 168
346 182
347 79
348 182
349 175
350 154
351 75
352 29
353 147
354 163
355 55
356 131
357 98
358 118
359 44
360 50
361 121
362 118
363 11
364 176
365 97
366 118
367 105
368 144
369 185
370 145
371 46
372 40
373 109
374 32
375 159
376 52
377 75
378 151
379 25
380 43
381 127
382 72
383 88
384 53
385 67
386 185
387 55
388 181
389 124
390 136
391 68
392 40
393 135
394 46
395 128
396 75
397 164
398 34
399 45
400 167
401 176
402 21
403 108
404 143
405 71
406 131
407 136
408 36
409 172
410 91
411 109
412 73
413 102
414 111
415 10
416 36
417 89
418 55
419 100
420 181
421 30
422 105
423 131
424 119
425 168
426 35
427 171
428 25
429 47
430 142
431 13
432 156
433 155
434 122
435 158
436 150
437 154
438 162
439 145
440 166
441 43
442 78
443 97
444 116
445 10
446 184
447 137
448 79
449 166
450 61
451 143
452 28
453 87
454 93
455 44
456 130
457 57
458 181
459 46
460 175
461 82
462 133
463 77
464 186
465 94
466 53
467 87
468 185
469 45
470 118
471 131
472 87
473 76
474 112
475 18
476 152
477 89
478 134
479 77
480 102
481 53
482 55
483 52
484 137
485 22
486 154
487 63
488 49
489 142
490 164
491 174
492 123
493 109
494 95
495 127
496 74
497 111
498 35
499 153
500 77
