22
500
1 85
2 81
3 152
4 144
5 125
6 25
7 60
8 22
9 59
10 40
11 22
12 14
13 179
14 104
15 188
16 183
17 101
18 24
19 11
20 67
21 22
22 171
23 83
24 20
25 186
26 11
27 41
28 117
29 63
30 22
31 104
32 146
33 103
34 114
35 127
36 22
37 99
38 61
39 84
40 33
41 90
42 61
43 37
44 95
45 113
46 187
47 175
48 44
49 96
50 81
51 115
52 81
53 183
54 122
55 82
56 24
57 155
58 94
59 39
60 124
61 140
62 92
63 96
64 111
65 89
66 112
67 41
68 74
69 50
70 161
71 31
72 99
73 15
74 184
75 129
76 146
77 125
78 127
79 99
80 62
81 126
82 102
83 61
84 42
85 130
86 68
87 64
88 124
89 85
90 42
91 82
92 170
93 44
94 152
95 154
96 166
97 168
98 105
99 96
100 133
101 94
102 30
103 155
104 95
105 153
106 134
107 62
108 73
109 147
110 145
111 161
112 75
113 34
114 23
115 89
116 61
117 80
118 77
119 91
120 185
121 145
122 59
123 45
124 68
125 61
126 21
127 152
128 83
129 103
130 176
131 166
132 40
133 100
134 83
135 116
136 62
137 53
138 151
139 104
140 101
141 79
142 33
143 140
144 128
145 161
146 132
147 47
148 98
149 77
150 16
151 49
152 183
153 45
154 189
155 11
156 44
157 54
158 184
159 45
160 17
161 154
162 44
163 76
164 104
165 10
166 37
167 36
168 56
169 87
170 127
171 42
172 143
173 109
174 117
175 20
176 120
177 51
178 57
179 178
180 177
181 62
182 169
183 85
184 154
185 89
186 80
187 39
188 28
189 146
190 107
191 154
192 153
193 171
194 114
195 117
196 91
197 89
198 95
199 97
200 12
201 162
202 82
203 154
204 46
205 154
206 124
207 154
208 32
209 119
210 102
211 183
212 166
213 137
214 116
215 96
216 49
217 72
218 20
219 150
220 167
221 51
222 113
223 141
224 26
225 179
226 170
227 163
228 111
229 174
230 117
231 82
232 71
233 134
234 160
235 138
236 138
237 36
238 75
239 73
240 180
241 109
242 155
243 14
244 189
245 71
246 175
247 117
248 17
249 43
250 109
251 100
252 61
253 112
254 83
255 72
256 121
257 61
258 149
259 124
260 99
261 155
262 152
263 164
264 85
265 132
266 169
267 114
268 43
269 76
270 180
271 185
272 96
273 50
274 119
275 94
276 39
277 21
278 123
279 188
280 101
281 162
282 87
283 73
284 78
285 169
286 112
287 35
288 18
289 182
290 73
291 161
292 159
293 189
294 55
295 98
296 185
297 72
298 113
299 148
300 37
301 150
302 59
303 138
304 79
305 22
306 160
307 17
308 18
309 153
310 182
311 97
312 126
313 55
314 33
315 184
316 43
317 113
318 37
319 92
320 92
321 89
322 175
323 34
324 59
325 137
326 162
327 20
328 92
329 181
330 155
331 138
332 157
333 35
334 106
335 149
336 145
337 164
338 48
339 129
340 64
341 105
342 175
343 41
344 36
345 29
346 169
347 158
348 114
349 42
350 73
351 93
352 100
353 76
354 90
355 70
356 68
357 109
358 22
359 186
360 153
361 180
362 89
363 141
364 73
365 101
366 28
367 49
368 28
369 169
370 20
371 55
372 64
373 167
374 99
375 155
376 35
377 94
378 13
379 103
380 93
381 143
382 116
383 61
384 58
385 127
386 148
387 51
388 88
389 23
390 111
391 136
392 150
393 36
394 85
395 105
396 171
397 29
398 90
399 162
400 62
401 12
402 125
403 162
404 183
405 49
406 53
407 15
408 70
409 58
410 46
411 47
412 63
413 180
414 107
415 161
416 166
417 175
418 112
419 15
420 17
421 125
422 164
423 11
424 181
425 37
426 156
427 138
428 94
429 108
430 186
431 41
432 124
433 14
434 173
435 36
436 11
437 25
438 13
439 174
440 121
441 110
442 173
443 106
444 32
445 181
446 106
447 87
448 43
449 52
450 65
451 115
452 142
453 41
454 161
455 135
456 50
457 113
458 126
459 167
460 142
461 112
462 32
463 149
464 173
465 58
466 141
467 183
468 121
469 161
470 24
471 134
472 70
473 94
474 152
475 187
476 112
477 74
478 47
479 13
480 121
481 129
482 173
483 78
484 11
485 158
486 138
487 26
488 110
489 49
490 79
491 158
492 115
493 107
494 175
495 126
496 102
497 173
498 13
499 124
500 54
