15
250
1 50
2 69
3 67
4 121
5 109
6 133
7 116
8 62
9 180
10 80
11 109
12 80
13 151
14 63
15 25
16 147
17 65
18 178
19 47
20 29
21 43
22 170
23 175
24 10
25 47
26 89
27 105
28 51
29 111
30 167
31 141
32 186
33 136
34 101
35 149
36 134
37 34
38 120
39 110
40 36
41 26
42 60
43 29
44 174
45 115
46 147
47 91
48 159
49 80
50 53
51 37
52 152
53 135
54 57
55 42
56 106
57 130
58 146
59 175
60 130
61 74
62 25
63 148
64 35
65 85
66 40
67 165
68 62
69 17
70 24
71 36
72 92
73 176
74 75
75 18
76 55
77 183
78 184
79 149
80 122
81 163
82 120
83 168
84 133
85 86
86 47
87 143
88 42
89 55
90 92
91 147
92 171
93 142
94 131
95 142
96 136
97 35
98 28
99 184
100 100
101 39
102 29
103 13
104 28
105 152
106 161
107 183
108 24
109 189
110 59
111 184
112 175
113 93
114 155
115 132
116 10
117 54
118 100
119 13
120 120
121 99
122 39
123 77
124 121
125 44
126 144
127 174
128 65
129 130
130 159
131 82
132 136
133 22
134 22
135 169
136 37
137 58
138 70
139 171
140 92
141 63
142 183
143 167
144 21
145 143
146 187
147 42
148 27
149 43
150 27
151 141
152 121
153 185
154 160
155 77
156 136
157 23
158 120
159 37
160 138
161 40
162 132
163 71
164 43
165 148
166 28
167 122
168 115
169 12
170 27
171 172
172 164
173 56
174 57
175 19
176 34
177 189
178 58
179 76
180 44
181 103
182 40
183 43
184 161
185 163
186 114
187 167
188 57
189 131
190 33
191 155
192 35
193 127
194 87
195 180
196 168
197 37
198 74
199 133
200 82
201 108
202 87
203 101
204 143
205 53
206 37
207 159
208 136
209 30
210 118
211 39
212 30
213 88
214 101
215 82
216 56
217 75
218 116
219 28
220 35
221 25
222 125
223 39
224 12
225 128
226 24
227 183
228 32
229 187
230 53
231 169
232 74
233 75
234 94
235 165
236 169
237 141
238 75
239 48
240 172
241 168
242 70
243 176
244 105
245 169
246 60
247 58
248 70
249 107
250 44
