22
500
1 30
2 108
3 31
4 118
5 148
6 111
7 48
8 89
9 40
10 12
11 71
12 91
13 61
14 60
15 164
16 40
17 130
18 36
19 77
20 81
21 137
22 170
23 61
24 139
25 140
26 155
27 69
28 111
29 80
30 144
31 58
32 17
33 152
34 41
35 130
36 178
37 86
38 54
39 71
40 37
41 167
42 121
43 66
44 124
45 66
46 141
47 25
48 45
49 142
50 35
51 72
52 160
53 55
54 74
55 127
56 84
57 67
58 125
59 153
60 130
61 89
62 24
63 162
64 37
65 175
66 79
67 105
68 185
69 180
70 169
71 165
72 175
73 134
74 184
75 39
76 186
77 94
78 131
79 69
80 37
81 91
82 89
83 146
84 60
85 37
86 136
87 101
88 72
89 154
90 87
91 52
92 180
93 59
94 124
95 146
96 158
97 105
98 115
99 23
100 163
101 16
102 71
103 184
104 19
105 156
106 42
107 130
108 41
109 178
110 134
111 171
112 84
113 63
114 75
115 152
116 174
117 24
118 88
119 22
120 121
121 47
122 98
123 148
124 20
125 110
126 111
127 35
128 164
129 69
130 40
131 189
132 30
133 98
134 186
135 13
136 158
137 65
138 47
139 99
140 140
141 110
142 117
143 152
144 106
145 59
146 92
147 160
148 133
149 183
150 102
151 152
152 38
153 145
154 149
155 44
156 176
157 111
158 32
159 57
160 151
161 142
162 90
163 85
164 148
165 155
166 40
167 151
168 110
169 64
170 114
171 63
172 164
173 105
174 186
175 88
176 15
177 151
178 52
179 84
180 135
181 151
182 90
183 177
184 103
185 176
186 48
187 49
188 161
189 98
190 169
191 156
192 115
193 66
194 89
195 26
196 181
197 35
198 86
199 188
200 25
201 115
202 91
203 185
204 53
205 104
206 123
207 142
208 171
209 31
210 20
211 19
212 94
213 75
214 168
215 106
216 105
217 132
218 100
219 153
220 82
221 142
222 108
223 87
224 45
225 160
226 23
227 157
228 107
229 129
230 121
231 138
232 74
233 93
234 118
235 69
236 34
237 138
238 105
239 92
240 187
241 76
242 39
243 74
244 98
245 152
246 15
247 142
248 46
249 156
250 16
251 162
252 97
253 127
254 54
255 112
256 36
257 103
258 13
259 148
260 155
261 57
262 19
263 58
264 53
265 174
266 96
267 176
268 28
269 104
270 69
271 124
272 102
273 148
274 94
275 176
276 109
277 177
278 97
279 47
280 144
281 22
282 25
283 171
284 51
285 26
286 47
287 189
288 59
289 73
290 93
291 165
292 92
293 152
294 137
295 128
296 34
297 34
298 21
299 177
300 135
301 142
302 169
303 15
304 107
305 72
306 148
307 109
308 124
309 19
310 156
311 115
312 94
313 57
314 26
315 165
316 179
317 163
318 55
319 79
320 116
321 125
322 154
323 35
324 152
325 98
326 115
327 36
328 189
329 25
330 171
331 164
332 138
333 82
334 150
335 41
336 132
337 184
338 10
339 121
340 146
341 113
342 86
343 43
344 132
345 37
346 67
347 119
348 154
349 149
350 82
351 81
352 146
353 35
354 93
355 155
356 24
357 30
358 168
359 177
360 147
361 91
362 61
363 186
364 166
365 123
366 91
367 13
368 181
369 85
370 99
371 113
372 61
373 156
374 181
375 51
376 74
377 66
378 185
379 69
380 164
381 97
382 20
383 53
384 138
385 187
386 65
387 32
388 136
389 53
390 78
391 93
392 119
393 136
394 188
395 57
396 167
397 155
398 142
399 24
400 116
401 93
402 31
403 172
404 18
405 180
406 170
407 79
408 20
409 68
410 44
411 71
412 37
413 42
414 185
415 69
416 154
417 165
418 59
419 134
420 111
421 138
422 140
423 58
424 20
425 144
426 166
427 159
428 100
429 114
430 86
431 34
432 134
433 74
434 163
435 22
436 57
437 60
438 169
439 50
440 146
441 87
442 46
443 70
444 24
445 49
446 104
447 138
448 148
449 149
450 14
451 137
452 98
453 82
454 173
455 116
456 48
457 83
458 15
459 60
460 154
461 145
462 183
463 115
464 56
465 174
466 158
467 99
468 73
469 144
470 134
471 41
472 25
473 40
474 13
475 125
476 61
477 169
478 23
479 163
480 122
481 159
482 186
483 42
484 140
485 152
486 115
487 61
488 178
489 41
490 85
491 154
492 137
493 164
494 100
495 99
496 181
497 91
498 152
499 52
500 147
