10
100
1 163
2 159
3 17
4 68
5 21
6 112
7 110
8 11
9 167
10 129
11 55
12 171
13 173
14 66
15 48
16 131
17 130
18 65
19 56
20 121
21 113
22 61
23 54
24 23
25 150
26 89
27 173
28 70
29 178
30 139
31 49
32 52
33 125
34 58
35 131
36 90
37 97
38 164
39 77
40 20
41 100
42 161
43 10
44 114
45 92
46 109
47 53
48 87
49 42
50 12
51 90
52 140
53 24
54 92
55 83
56 34
57 189
58 143
59 161
60 53
61 187
62 60
63 137
64 106
65 29
66 25
67 66
68 99
69 123
70 31
71 169
72 55
73 146
74 158
75 131
76 53
77 89
78 104
79 25
80 158
81 169
82 125
83 122
84 172
85 182
86 152
87 138
88 185
89 151
90 161
91 112
92 113
93 177
94 30
95 129
96 179
97 69
98 149
99 84
100 171
