15
250
1 91
2 51
3 113
4 86
5 150
6 43
7 157
8 11
9 168
10 153
11 12
12 141
13 71
14 76
15 33
16 162
17 23
18 72
19 161
20 166
21 54
22 53
23 167
24 56
25 17
26 44
27 112
28 43
29 48
30 172
31 175
32 165
33 104
34 18
35 145
36 156
37 110
38 94
39 59
40 137
41 173
42 39
43 116
44 98
45 180
46 188
47 139
48 55
49 54
50 169
51 58
52 186
53 111
54 117
55 72
56 177
57 76
58 142
59 21
60 33
61 156
62 84
63 156
64 28
65 70
66 26
67 176
68 14
69 22
70 96
71 32
72 85
73 79
74 150
75 72
76 180
77 35
78 90
79 152
80 172
81 115
82 165
83 20
84 159
85 127
86 62
87 130
88 93
89 170
90 84
91 189
92 176
93 119
94 59
95 95
96 187
97 67
98 179
99 178
100 87
101 103
102 81
103 120
104 47
105 37
106 179
107 40
108 94
109 103
110 83
111 18
112 135
113 173
114 152
115 178
116 69
117 61
118 77
119 174
120 109
121 34
122 162
123 127
124 129
125 37
126 92
127 117
128 99
129 179
130 29
131 50
132 59
133 19
134 94
135 108
136 86
137 116
138 119
139 132
140 48
141 20
142 157
143 20
144 133
145 85
146 74
147 102
148 84
149 29
150 189
151 83
152 144
153 33
154 128
155 78
156 49
157 174
158 16
159 188
160 139
161 139
162 136
163 157
164 123
165 115
166 15
167 159
168 23
169 120
170 60
171 144
172 111
173 10
174 91
175 178
176 17
177 14
178 182
179 70
180 113
181 127
182 74
183 65
184 24
185 102
186 173
187 139
188 167
189 122
190 70
191 94
192 29
193 186
194 40
195 44
196 109
197 84
198 170
199 33
200 17
201 120
202 99
203 55
204 33
205 102
206 102
207 41
208 112
209 29
210 58
211 95
212 138
213 103
214 125
215 140
216 50
217 146
218 143
219 42
220 91
221 173
222 134
223 67
224 19
225 181
226 104
227 36
228 71
229 12
230 65
231 111
232 18
233 60
234 172
235 42
236 84
237 38
238 61
239 68
240 90
241 109
242 165
243 13
244 45
245 145
246 145
247 49
248 101
249 144
250 24
