15
250
1 36
2 96
3 148
4 18
5 78
6 45
7 58
8 127
9 105
10 166
11 43
12 148
13 172
14 96
15 68
16 93
17 105
18 49
19 163
20 128
21 103
22 124
23 136
24 20
25 109
26 91
27 188
28 140
29 160
30 187
31 122
32 171
33 142
34 158
35 40
36 101
37 69
38 107
39 143
40 60
41 78
42 27
43 43
44 10
45 39
46 91
47 101
48 24
49 125
50 123
51 60
52 16
53 44
54 10
55 66
56 167
57 61
58 15
59 100
60 85
61 89
62 24
63 186
64 187
65 76
66 113
67 65
68 59
69 133
70 125
71 120
72 47
73 30
74 30
75 157
76 96
77 28
78 159
79 184
80 177
81 91
82 131
83 14
84 49
85 72
86 128
87 140
88 30
89 101
90 182
91 132
92 84
93 23
94 27
95 45
96 18
97 163
98 172
99 67
100 132
101 135
102 97
103 22
104 142
105 11
106 174
107 68
108 165
109 47
110 66
111 161
112 144
113 141
114 86
115 179
116 91
117 112
118 144
119 168
120 111
121 113
122 72
123 119
124 125
125 21
126 99
127 109
128 98
129 164
130 87
131 80
132 23
133 154
134 177
135 141
136 51
137 114
138 48
139 184
140 38
141 110
142 177
143 64
144 173
145 65
146 179
147 159
148 125
149 124
150 16
151 123
152 20
153 49
154 134
155 170
156 103
157 112
158 138
159 108
160 57
161 170
162 131
163 42
164 13
165 26
166 99
167 97
168 61
169 36
170 43
171 70
172 147
173 170
174 148
175 136
176 88
177 13
178 143
179 68
180 179
181 187
182 53
183 12
184 56
185 37
186 135
187 40
188 163
189 48
190 139
191 39
192 133
193 48
194 67
195 176
196 58
197 13
198 76
199 101
200 124
201 71
202 139
203 144
204 175
205 82
206 63
207 135
208 118
209 76
210 128
211 64
212 139
213 65
214 107
215 76
216 131
217 28
218 148
219 189
220 77
221 156
222 133
223 73
224 53
225 140
226 144
227 19
228 37
229 100
230 64
231 26
232 160
233 25
234 109
235 81
236 35
237 123
238 74
239 103
240 86
241 85
242 169
243 82
244 179
245 23
246 94
247 108
248 93
249 136
250 116
